;New Colossal Advent exits
;MJAustin 1982
;19:55 on 4/7/82
;Room 1
0001 11 14
0001 1 21
0001 3 14
1001 4 2
;Room 2
0001 4 3
0001 3 8
0000 2 8
0001 9 8
1000 7 7
;Room 3
0001 4 4
0000 3 9
1000 7 10
;Room 4
0001 4 5
0000 3 7
0010 11 17
1010 10 17
;Room 5
0001 4 6
0000 7 7
1000 3 7
;Room 6
0000 7 7
0000 4 255
0000 13 255
1000 3 7
;Room 7
0000 7 7
0001 4 166
0000 3 7
0001 1 8
1001 9 166
;Room 8
0001 2 9
1001 1 9
;Room 9
0000 1 9
0000 7 10
0000 5 9
0001 3 10
1000 4 13
;Room 10
0000 4 11
1000 1 10
;Room 11
0000 1 226
0000 9 12
0000 14 12
1000 4 13
;Room 12
1000 10 10
;Room 13
0000 3 8
0000 4 4
0000 6 4
0000 7 2
0000 8 1
1000 1 1
;Room 14
0001 3 15
0001 10 41
1001 14 41
;Room 15
0001 3 16
1000 4 10
;Room 16
1000 13 255
;Room 17
0001 7 27
0010 12 4
1010 9 4
;Room 18
1000 2 26
;Room 19
1000 13 20
;Room 20
1000 0 0
;Room 21
0000 7 21
0000 1 21
1001 3 22
;Room 22
0000 1 22
1001 3 23
;Room 23
0001 4 15
0001 3 24
1000 1 25
;Room 24
0001 4 16
0001 1 25
1000 3 24
;Room 25
0000 1 25
0000 7 23
1000 3 25
;Room 26
1000 4 18
;Room 27
1001 7 28
;Room 28
1001 7 29
;Room 29
1001 7 30
;Room 30
1001 7 31
;Room 31
1001 10 50
;Room 32
1000 2 33
;Room 33
0000 7 32
1001 3 34
;Room 34
0000 2 35
0000 5 38
1001 10 38
;Room 35
0000 4 34
0001 3 36
1001 1 37
;Room 36
1000 0 0
;Room 37
1000 13 255
;Room 38
0000 1 34
0000 4 39
1001 10 39
;Room 39
0001 3 40
1001 11 40
;Room 40
1000 0 0
;Room 41
1000 14 14 ; climb ladder back up to surface
;Room 42
1000 0 0
;Room 43
1000 0 0
;Room 44
1000 0 0
;Room 45
1000 0 0
;Room 46
1000 0 0
;Room 47
1000 0 0
;Room 48
1000 0 0
;Room 49
1000 0 0
;Room 50
0001 4 51
0001 7 58
0000 1 52
0000 3 31
1000 14 31
;Room 51
1000 0 0
;Room 52
0010 4 53
0010 7 65
0010 1 54
0000 3 50
0010 6 66
1001 9 50
;Room 53
1000 1 52
;Room 54
0000 4 52
0001 1 55
1001 10 98
;Room 55
0001 7 56
1000 3 57
;Room 56
1001 13 255
;Room 57
0000 10 55
1000 9 50
;Room 58
0011 15 59
1011 7 59
;Room 59
0001 7 60
1000 1 60
;Room 60
0000 1 59
0001 7 61
0000 4 138
1000 9 146
;Room 61
0000 9 60
0001 7 62
0000 1 63
1000 10 63
;Room 62
0000 4 146
1001 1 63
;Room 63
0000 7 63
0001 1 64
1001 3 65
;Room 64
1000 0 0
;Room 65
1000 3 52
;Room 66
0000 3 52
0001 7 68
1001 10 87
;Room 67
0001 1 69
1001 10 106
;Room 68
1001 1 67
;Room 69
1001 1 70
;Room 70
1000 0 0
;Room 71
0000 7 74
1000 9 74
;Room 72
0001 10 73
1001 7 98
;Room 73
1000 14 72
;Room 74
0000 10 100
1000 1 71
;Room 75
1000 7 78
;Room 76
0000 3 77
0001 9 102
1000 7 82
;Room 77
1000 4 76
;Room 78
0000 8 75
1001 3 18
;Room 79
1000 0 0
;Room 80
1001 10 81
;Room 81
1000 0 0
;Room 82
0000 7 104
0000 1 244
0000 2 244
0000 5 244
0000 4 244
0000 6 244
0000 8 244
0000 9 244
0000 10 244
0000 11 244
0000 12 244
0000 13 244
0000 14 244
1001 3 102
;Room 83
1000 0 0
;Room 84
1000 0 0
;Room 85
0000 1 104
0000 7 86
1000 3 87
;Room 86
1000 4 85
;Room 87
0000 1 85
1001 4 88
;Room 88
1000 0 0
;Room 89
0000 10 100
1000 1 93
;Room 90
1000 0 0
;Room 91
0001 10 92
1000 7 106
;Room 92
1010 14 94
;Room 93
0000 6 89
0001 2 32
1001 15 32
;Room 94
0000 3 92
0000 10 92
1000 7 95
;Room 95
0000 4 94
0001 3 96
1001 1 107
;Room 96
1000 0 0
;Room 97
0001 1 109
0001 4 110
1000 3 82
;Room 98
1001 7 99
;Room 99
1001 10 102
;Room 100
0000 5 101
0000 6 89
1001 1 83
;Room 101
0001 1 75
0000 9 75
0000 7 100
1000 5 104
;Room 102
0001 1 103
1000 3 76
;Room 103
0001 9 79
1001 10 80
;Room 104
0000 2 82
0001 4 85
0001 3 84
0001 7 105
1000 8 101
;Room 105
0001 10 90
1001 7 91
;Room 106
0000 1 82
1000 4 91
;Room 107
1011 1 71
;Room 108
1000 7 109
;Room 109
0000 1 108
1000 5 82
;Room 110
1000 10 116
;Room 111
1000 0 0
;Room 112
1000 0 0
;Room 113
1000 0 0
;Room 114
1000 0 0
;Room 115
1000 0 0
;Room 116
0000 4 134
0000 10 30
0000 3 139
1001 1 137
;Room 117
1000 0 0
;Room 118
0000 1 140
0001 3 119
0001 9 117
0001 10 117
1000 4 120
;Room 119
1000 0 0
;Room 120
1000 3 118
;Room 121
1000 0 0
;Room 122
1000 0 0
;Room 123
0000 7 123
0000 4 123
0001 3 122
1000 1 138
;Room 124
0000 3 140
0001 1 121
0001 10 125
1000 4 126
;Room 125
1000 0 0
;Room 126
0000 3 124
0001 7 127
0001 9 128
1000 4 129
;Room 127
1000 7 128
;Room 128
0000 7 127
0000 4 130
1000 3 129
;Room 129
0000 7 126
0001 4 130
0000 1 135
0000 3 128
1001 10 132
;Room 130
0000 7 128
1000 4 131
;Room 131
1000 7 130
;Room 132
1000 0 0
;Room 133
1000 9 135
;Room 134
1000 3 116
;Room 135
0000 7 129
0000 10 133
1001 3 116
;Room 136
1000 0 0
;Room 137
1001 7 136
;Room 138
0001 1 60
0000 9 60
0001 3 140
1000 7 123
;Room 139
0000 1 116
0001 8 115
1001 7 137
;Room 140
0000 4 124
1000 3 118
;Room 141
1000 0 0
;Room 142
1000 0 0
;Room 143
1000 0 0
;Room 144
1000 0 0
;Room 145
1000 0 0
;Room 146
1000 9 62
;Room 147
1000 0 0
;Room 148
1000 0 0
;Room 149
1000 0 0
;Room 150
1000 10 62
;Room 151
1000 7 62
;Room 152
1000 3 62
;Room 153
1000 0 0
;Room 154
1000 0 0
;Room 155
1000 0 0
;Room 156
1000 0 0
;Room 157
1000 0 0
;Room 158
1000 0 0
;Room 159
1000 0 0
;Room 160
1000 0 0
;Room 161
1000 0 0
;Room 162
1000 0 0
;Room 163
1000 0 0
;Room 164
1000 0 0
;Room 165
1000 0 0
;Room 166
0001 4 167
1001 9 167
;Room 167
0001 4 168
1001 9 168
;Room 168
1000 0 0
;Room 169
0001 7 170
0001 6 170
1001 4 170
;Room 170
1000 7 252
;Room 171
0000 3 170
1001 7 172
;Room 172
1000 0 0
;Room 173
0001 3 172
0001 7 174
1001 9 175
;Room 174
1000 0 0
;Room 175
1001 9 176
;Room 176
1001 9 177
;Room 177
1000 0 0
;Room 178
0001 10 177
1001 9 179
;Room 179
0001 7 180
0000 4 180
0000 3 183
1000 1 186
;Room 180
0000 4 180
0000 7 182
1001 1 182
;Room 181
1000 0 0
;Room 182
0000 7 182
0000 1 182
1000 3 186
;Room 183
0000 7 186
0000 4 187
0000 3 179
1001 10 188
;Room 184
1000 1 186
;Room 185
0000 3 187
1001 4 187
;Room 186
0000 4 180
0000 3 186
0000 1 184
0001 3 185
0001 4 183
1000 7 186
;Room 187
0000 7 183
1000 4 179
;Room 188
0001 3 189
1001 7 190
;Room 189
1000 0 0
;Room 190
0001 1 191
1001 7 192
;Room 191
1000 0 0
;Room 192
0001 1 193
0001 4 194
1001 7 195
;Room 193
1000 0 0
;Room 194
1000 0 0
;Room 195
1000 0 0
;Room 196
1000 0 0
;Room 197
1001 7 198
;Room 198
1001 7 199
;Room 199
1001 9 203
;Room 200
1001 9 199
;Room 201
1001 9 200
;Room 202
1001 9 201
;Room 203
1001 9 204
;Room 204
1001 9 205
;Room 205
1001 9 206
;Room 206
1001 9 207
;Room 207
1001 9 208
;Room 208
1001 9 209
;Room 209
1000 0 0
;Room 210
0001 1 218
0001 4 211
1001 7 206
;Room 211
1000 0 0
;Room 212
0001 7 211
1001 3 213
;Room 213
1000 0 0
;Room 214
0001 1 215
1001 4 213
;Room 215
1000 0 0
;Room 216
0001 1 217
0001 2 215
0001 3 214
0001 5 213
0001 4 212
0001 6 211
0001 7 210
0001 8 218
1001 9 219
;Room 217
0001 7 218
1001 3 215
;Room 218
1000 0 0
;Room 219
1001 9 220
;Room 220
1001 7 221
;Room 221
1001 7 222
;Room 222
1001 7 223
;Room 223
1001 7 224
;Room 224
0001 1 225
1000 7 227
;Room 225
1000 0 0
;Room 226
0000 1 9
0000 3 9
1000 4 11
;Room 227
0000 9 70
1000 12 70
;Room 228
0000 0 0
;-------------------------------------
;-------------------------------------
;-------------------------------------
;--------------------------
